1305031452.791720 0.000000 0.000000 0.000000 0.000000 0.000000 0.000000 1.000000
1305031452.823674 0.007088 -0.005372 0.021465 -0.000642 0.010789 0.016872 0.999799
1305031452.859642 0.031056 -0.007999 0.018972 0.001232 0.018738 0.032794 0.999286
1305031452.891726 0.317786 0.102865 0.022506 0.006433 0.002355 0.042005 0.999094
1305031452.923715 -0.003065 -0.089698 0.100287 -0.006536 0.026054 0.040250 0.998828
1305031452.959701 0.061228 -0.218811 0.107242 -0.016623 0.021428 0.040320 0.998819
1305031452.991647 0.285409 -0.221205 -0.001856 -0.018959 0.012354 0.039330 0.998970
1305031453.023650 0.402466 -0.295028 -0.026129 -0.021463 0.013568 0.040060 0.998875
1305031453.059754 0.583784 -0.327795 0.143404 -0.023482 0.012448 0.040617 0.998821
1305031453.091704 1.109402 -0.246421 -0.042796 -0.019214 -0.013656 0.044371 0.998737
1305031453.123633 1.278416 -0.193506 0.098318 -0.013433 -0.012758 0.053422 0.998400
1305031453.159673 1.344566 -0.298319 -0.130805 -0.025898 -0.006046 0.044821 0.998641
1305031453.191726 1.784627 -0.261872 -0.041819 -0.023882 -0.026832 0.042289 0.998459
1305031453.223689 1.520624 -0.473649 -0.167705 -0.044551 0.004238 0.036199 0.998342
1305031453.259670 1.439793 -0.465797 -0.151257 -0.045251 0.023946 0.030268 0.998230
1305031453.291696 1.662392 -0.475693 -0.009759 -0.044638 0.008809 0.039918 0.998167
1305031453.323682 2.213999 -0.489772 0.242581 -0.041991 -0.022343 0.031974 0.998356
1305031453.359684 2.239844 -0.450782 0.087203 -0.039731 -0.026012 0.033393 0.998313
1305031453.391690 2.047467 -0.496783 0.037000 -0.044398 -0.015265 0.033827 0.998324
1305031453.423683 2.080215 -0.402841 0.087240 -0.039623 -0.020710 0.046636 0.997911
1305031453.459685 2.371854 -0.494298 -0.108749 -0.043037 -0.029029 0.038490 0.997910
1305031453.491698 2.343969 -0.438008 -0.056035 -0.038884 -0.028015 0.044544 0.997857
1305031453.523684 2.528893 -0.553475 -0.083336 -0.046821 -0.038335 0.039646 0.997380
1305031453.559753 2.684841 -0.693162 -0.065215 -0.056623 -0.052731 0.034628 0.996401
1305031453.591640 2.555349 -0.697431 -0.278925 -0.056945 -0.038387 0.020128 0.997436
1305031453.627706 2.467287 -0.681655 -0.321502 -0.052892 -0.032085 0.027554 0.997704
1305031453.659600 2.553542 -0.675084 -0.239007 -0.046269 -0.046633 0.010386 0.997786
1305031453.691678 2.536512 -0.545289 -0.443363 -0.031791 -0.049997 0.030312 0.997783
1305031453.727652 2.697759 -0.552607 -0.325001 -0.033450 -0.065835 0.028032 0.996876
1305031453.759694 2.461509 -0.639840 -0.476690 -0.041360 -0.050940 0.041415 0.996985
1305031453.791716 2.560643 -0.669434 -0.443263 -0.044593 -0.059270 0.050218 0.995980
1305031453.827773 2.405239 -0.676212 -0.717992 -0.046453 -0.047974 0.057300 0.996121
1305031453.859705 2.102853 -0.833969 -0.999267 -0.061867 -0.013945 0.051973 0.996633
1305031453.891710 1.850407 -1.090973 -1.477838 -0.083179 0.001334 0.071069 0.993996
1305031453.927723 1.463616 -1.439647 -1.734448 -0.109352 0.020795 0.077370 0.990769
1305031453.959641 1.956699 -1.720037 -2.293169 -0.133960 -0.028802 0.088644 0.986594
1305031453.991624 1.984054 -1.570285 -2.580816 -0.121579 -0.039216 0.085954 0.988075
1305031454.027662 1.830778 -1.519112 -2.798930 -0.118132 -0.024895 0.082667 0.989238
1305031454.059654 1.450803 -1.568284 -2.902699 -0.119249 0.004478 0.086339 0.989093
1305031454.091651 1.424557 -1.697827 -3.123568 -0.130120 0.010931 0.097425 0.986640
1305031454.127701 1.337010 -1.542627 -3.039510 -0.124666 0.025992 0.094567 0.987340
1305031454.159672 1.047156 -1.562297 -3.015803 -0.123321 0.042632 0.094575 0.986930
1305031454.191658 1.229803 -1.561136 -3.046716 -0.124691 -0.011923 0.074494 0.989323
1305031454.227671 1.000691 -1.607008 -2.965500 -0.125173 -0.001685 0.069747 0.989679
1305031454.259627 0.934943 -1.670871 -2.953460 -0.130928 0.009498 0.074212 0.988565
1305031454.291639 0.861566 -1.761227 -3.003607 -0.136751 0.019241 0.072791 0.987740
