1311878194.338155 0.000000 0.000000 0.000000 0.000000 0.000000 0.000000 1.000000
1311878194.374270 -0.000144 0.000098 0.000110 0.000011 0.000030 -0.000055 1.000000
1311878194.406574 -0.000045 -0.000004 0.000056 -0.000006 0.000023 -0.000006 1.000000
1311878194.439904 -0.000149 0.000203 0.000072 0.000052 0.000036 -0.000093 1.000000
1311878194.474341 -0.000055 0.000084 0.000213 0.000028 0.000028 -0.000024 1.000000
1311878194.506276 -0.000234 0.000345 0.000161 0.000107 0.000060 -0.000072 1.000000
1311878194.538257 -0.000026 0.000115 0.000037 0.000032 0.000008 -0.000044 1.000000
1311878194.574203 -0.000255 0.000417 0.000151 0.000151 0.000111 -0.000139 1.000000
1311878194.606201 -0.000115 0.000152 0.000161 0.000038 0.000125 -0.000091 1.000000
1311878194.638184 -0.000368 0.000568 0.000118 0.000187 0.000314 -0.000204 1.000000
1311878194.674335 -0.000518 0.000652 -0.000857 0.000034 0.000376 -0.000159 1.000000
1311878194.706671 -0.000606 0.000911 0.000122 0.000079 0.000955 -0.000329 0.999999
1311878194.738262 -0.000632 0.000564 0.000222 0.000189 0.001198 -0.000288 0.999999
1311878194.774175 -0.000862 0.000857 -0.001119 0.000274 0.001642 -0.000353 0.999999
1311878194.806388 -0.000446 0.000565 -0.000849 0.000079 0.002434 -0.000593 0.999997
1311878194.838267 -0.000387 0.000914 -0.002200 0.000096 0.003635 -0.000382 0.999993
1311878194.874122 -0.000124 0.000856 -0.000927 -0.000037 0.005404 -0.000640 0.999985
1311878194.906162 0.000155 0.001375 -0.002612 0.000121 0.007542 -0.000783 0.999971
1311878194.938235 0.000435 0.001494 -0.001004 0.000141 0.010558 -0.000604 0.999944
1311878194.974214 -0.000086 0.004101 -0.005343 -0.000024 0.013915 -0.000827 0.999903
1311878195.006349 0.000794 0.000234 0.000525 -0.000396 0.017831 0.000220 0.999841
1311878195.038170 -0.000197 0.002092 -0.004360 0.000963 0.020980 0.000638 0.999779
1311878195.074121 0.000042 0.001666 -0.002979 0.000017 0.024003 0.000940 0.999711
1311878195.106255 0.000012 0.001393 -0.003375 0.000135 0.027185 0.000738 0.999630
1311878195.138441 0.001128 0.002746 -0.003401 0.000426 0.031292 0.001237 0.999509
1311878195.174269 0.000877 0.002691 -0.004526 0.000255 0.035628 0.001675 0.999364
1311878195.206448 0.001668 0.001782 -0.003233 0.000348 0.040212 0.002674 0.999188
1311878195.238271 0.001292 0.001712 -0.004327 0.000715 0.044524 0.003161 0.999003
1311878195.274164 0.002358 0.003378 -0.007189 -0.000332 0.049368 0.003199 0.998775
1311878195.306470 0.001904 0.000234 -0.003062 0.000306 0.054969 0.003999 0.998480
1311878195.338213 0.002647 0.001500 -0.006548 0.001671 0.059830 0.004740 0.998196
1311878195.374269 0.002207 0.001877 -0.008380 0.001450 0.064115 0.005829 0.997924
1311878195.406029 0.002703 0.001335 -0.005946 0.001115 0.068690 0.005824 0.997620
1311878195.438050 0.002884 0.001326 -0.007658 0.001786 0.073081 0.006954 0.997300
1311878195.474232 0.003446 0.002101 -0.007896 0.001703 0.077817 0.007155 0.996941
1311878195.506356 0.003582 0.001154 -0.007450 0.001772 0.082568 0.007970 0.996552
1311878195.538378 0.004710 0.002205 -0.007720 0.002149 0.087289 0.008582 0.996144
1311878195.574459 0.004388 0.001791 -0.007577 0.002255 0.092172 0.009484 0.995695
1311878195.606206 0.005727 0.002523 -0.007413 0.002637 0.096950 0.009555 0.995240
1311878195.638287 0.005852 0.002707 -0.008399 0.003012 0.101808 0.010928 0.994739
1311878195.674186 0.006757 0.002420 -0.006964 0.003250 0.106779 0.010851 0.994218
1311878195.706186 0.006365 0.002987 -0.008013 0.003958 0.111649 0.012229 0.993665
1311878195.738201 0.008089 0.003983 -0.007042 0.004387 0.115985 0.012232 0.993166
1311878195.774488 0.007654 0.003999 -0.007990 0.004376 0.120604 0.013453 0.992600
1311878195.806204 0.009935 0.003964 -0.006717 0.004546 0.125110 0.013295 0.992043
1311878195.838010 0.009976 0.004740 -0.007352 0.004874 0.129865 0.014879 0.991408
1311878195.874257 0.011708 0.004757 -0.004957 0.005044 0.134781 0.014945 0.990750
1311878195.906202 0.012096 0.005620 -0.005551 0.005724 0.139436 0.016432 0.990078
1311878195.938120 0.013912 0.007126 -0.004644 0.006414 0.144225 0.016306 0.989390
1311878195.974264 0.013657 0.006378 -0.005615 0.006430 0.149195 0.017343 0.988635
1311878196.006352 0.015838 0.007138 -0.004597 0.006503 0.154228 0.017347 0.987862
1311878196.038129 0.016619 0.007851 -0.005312 0.006832 0.159040 0.019003 0.987066
1311878196.074360 0.018219 0.009390 -0.001934 0.007418 0.163989 0.019271 0.986246
1311878196.106326 0.018878 0.009040 -0.003927 0.007265 0.168368 0.020640 0.985481
1311878196.138421 0.020776 0.009812 -0.000243 0.007766 0.172952 0.020827 0.984679
1311878196.174374 0.020668 0.008069 -0.003280 0.007482 0.177784 0.021515 0.983806
1311878196.206127 0.022915 0.009209 0.000442 0.008074 0.182629 0.021889 0.982905
1311878196.238260 0.022763 0.009352 -0.001995 0.008395 0.187370 0.023113 0.981982
1311878196.274193 0.024913 0.010103 0.000264 0.008792 0.192001 0.023360 0.981077
1311878196.306228 0.024202 0.010360 -0.000904 0.008725 0.196720 0.024423 0.980117
1311878196.338204 0.026709 0.011237 0.001421 0.009091 0.201163 0.024247 0.979215
1311878196.375281 0.026460 0.009974 0.000194 0.008853 0.206523 0.024920 0.978084
1311878196.406342 0.028348 0.008423 0.004178 0.009713 0.211771 0.024844 0.976955
1311878196.438533 0.029022 0.010948 0.001000 0.011469 0.216448 0.026286 0.975873
1311878196.474320 0.030861 0.009356 0.004852 0.012286 0.221307 0.025917 0.974782
1311878196.506414 0.032138 0.008939 -0.000283 0.011867 0.226049 0.026542 0.973682
1311878196.538251 0.035216 0.010586 0.004362 0.011895 0.230694 0.027401 0.972568
1311878196.575066 0.036236 0.008156 0.003790 0.010575 0.235872 0.028036 0.971322
1311878196.606211 0.039163 0.009547 0.007920 0.010483 0.241029 0.028429 0.970045
1311878196.638325 0.039420 0.007098 0.007851 0.009409 0.246331 0.029491 0.968691
1311878196.674182 0.041825 0.007264 0.013293 0.009527 0.252247 0.029257 0.967174
1311878196.706269 0.042875 0.003722 0.012620 0.010045 0.257602 0.029834 0.965738
1311878196.738692 0.046376 0.006762 0.014599 0.011049 0.262858 0.030290 0.964296
1311878196.774138 0.047399 0.003538 0.012885 0.010079 0.268170 0.031102 0.962817
1311878196.806328 0.051160 0.005876 0.018089 0.010252 0.273268 0.031951 0.961352
1311878196.838398 0.052283 0.002021 0.017323 0.008896 0.278590 0.032234 0.959828
1311878196.874222 0.056044 0.004328 0.021262 0.009441 0.283788 0.032939 0.958275
1311878196.906132 0.056878 0.000698 0.022271 0.008316 0.289362 0.033350 0.956603
1311878196.938143 0.060186 0.003478 0.026291 0.009077 0.294441 0.034163 0.955016
1311878196.974342 0.061468 0.000022 0.025765 0.008800 0.299612 0.034259 0.953405
1311878197.006229 0.065087 0.002098 0.031654 0.009769 0.304466 0.034925 0.951832
1311878197.038157 0.065490 -0.001209 0.026980 0.009642 0.309685 0.034695 0.950157
1311878197.074170 0.069739 0.001586 0.030699 0.009831 0.314340 0.035895 0.948581
1311878197.106340 0.070947 -0.002591 0.029918 0.008426 0.319155 0.036197 0.946973
1311878197.138417 0.075373 0.001306 0.036391 0.009797 0.323573 0.037449 0.945411
1311878197.174156 0.075569 -0.004547 0.031708 0.008178 0.328604 0.036794 0.943715
1311878197.206149 0.080075 -0.001207 0.037354 0.009527 0.333359 0.037745 0.941996
1311878197.238433 0.081685 -0.004314 0.035948 0.008469 0.338107 0.038332 0.940289
1311878197.274108 0.106065 0.002019 0.034524 0.010011 0.336053 0.039912 0.940944
1311878197.306065 0.125280 -0.001899 0.030146 0.009351 0.335481 0.041010 0.941107
1311878197.338164 0.146701 0.001297 0.024308 0.010081 0.334216 0.042156 0.941499
1311878197.373957 0.171566 -0.003881 0.017592 0.008877 0.332738 0.042505 0.942019
1311878197.406878 0.195308 -0.004148 0.010355 0.008004 0.331667 0.043849 0.942343
1311878197.438201 0.222033 -0.003983 0.009046 0.007793 0.329863 0.045061 0.942920
1311878197.474238 0.248642 -0.004346 0.000380 0.006769 0.327405 0.045961 0.943741
1311878197.506176 0.277428 -0.002664 0.003355 0.006683 0.325024 0.047143 0.944506
1311878197.538448 0.303547 -0.006517 -0.004101 0.005066 0.322853 0.047749 0.945230
1311878197.574811 0.328699 -0.007015 0.000318 0.005496 0.322171 0.046408 0.945527
1311878197.606070 0.333982 -0.009288 -0.003145 0.005009 0.326284 0.048196 0.944029
1311878197.638206 0.380325 -0.017207 -0.007068 0.003931 0.320619 0.044381 0.946160
