1305031452.7895 1.2223 0.9157 1.5433 0.8475 0.3710 -0.2026 -0.3211
1305031452.7995 1.2234 0.9168 1.5419 0.8495 0.3656 -0.2022 -0.3222
1305031452.8094 1.2248 0.9175 1.5408 0.8521 0.3603 -0.2016 -0.3217
1305031452.8195 1.2260 0.9181 1.5396 0.8544 0.3552 -0.2008 -0.3218
1305031452.8294 1.2271 0.9186 1.5381 0.8559 0.3490 -0.2016 -0.3239
1305031452.8395 1.2287 0.9185 1.5374 0.8584 0.3439 -0.2002 -0.3238
1305031452.8495 1.2298 0.9187 1.5362 0.8595 0.3388 -0.2007 -0.3259
1305031452.8595 1.2311 0.9185 1.5350 0.8609 0.3349 -0.2002 -0.3264
1305031452.8694 1.2325 0.9180 1.5338 0.8630 0.3310 -0.1994 -0.3255
1305031452.8795 1.2335 0.9177 1.5327 0.8639 0.3285 -0.1993 -0.3257
1305031452.8895 1.2348 0.9170 1.5316 0.8656 0.3264 -0.1978 -0.3242
1305031452.8995 1.2360 0.9164 1.5305 0.8666 0.3256 -0.1964 -0.3233
1305031452.9095 1.2370 0.9156 1.5295 0.8674 0.3239 -0.1952 -0.3233
1305031452.9295 1.2388 0.9137 1.5275 0.8677 0.3225 -0.1945 -0.3245
1305031452.9394 1.2401 0.9127 1.5267 0.8682 0.3218 -0.1933 -0.3245
1305031452.9495 1.2410 0.9114 1.5258 0.8682 0.3215 -0.1928 -0.3251
1305031452.9595 1.2420 0.9103 1.5252 0.8679 0.3216 -0.1917 -0.3266
1305031452.9695 1.2427 0.9092 1.5245 0.8672 0.3210 -0.1910 -0.3294
1305031452.9795 1.2440 0.9078 1.5238 0.8674 0.3202 -0.1896 -0.3303
1305031452.9895 1.2450 0.9068 1.5231 0.8669 0.3186 -0.1880 -0.3341
1305031452.9995 1.2464 0.9054 1.5226 0.8675 0.3172 -0.1853 -0.3353
1305031453.0095 1.2477 0.9040 1.5220 0.8679 0.3152 -0.1824 -0.3377
1305031453.0195 1.2492 0.9027 1.5215 0.8687 0.3130 -0.1793 -0.3394
1305031453.0295 1.2503 0.9017 1.5208 0.8690 0.3108 -0.1765 -0.3422
1305031453.0395 1.2516 0.9005 1.5202 0.8697 0.3090 -0.1734 -0.3437
1305031453.0496 1.2530 0.8991 1.5194 0.8703 0.3064 -0.1702 -0.3460
1305031453.0595 1.2543 0.8978 1.5190 0.8711 0.3052 -0.1666 -0.3468
1305031453.0695 1.2557 0.8966 1.5184 0.8715 0.3032 -0.1633 -0.3491
1305031453.0795 1.2572 0.8952 1.5181 0.8720 0.3020 -0.1597 -0.3505
1305031453.0894 1.2588 0.8937 1.5175 0.8724 0.2990 -0.1566 -0.3537
1305031453.0996 1.2602 0.8925 1.5172 0.8729 0.2976 -0.1530 -0.3551
1305031453.1094 1.2617 0.8914 1.5165 0.8726 0.2957 -0.1500 -0.3587
1305031453.1195 1.2630 0.8898 1.5162 0.8734 0.2942 -0.1471 -0.3591
1305031453.1294 1.2646 0.8885 1.5157 0.8735 0.2926 -0.1440 -0.3615
1305031453.1395 1.2661 0.8870 1.5153 0.8742 0.2916 -0.1407 -0.3620
1305031453.1495 1.2679 0.8853 1.5147 0.8748 0.2905 -0.1371 -0.3628
1305031453.1606 1.2693 0.8839 1.5144 0.8749 0.2893 -0.1343 -0.3644
1305031453.1695 1.2706 0.8827 1.5140 0.8745 0.2879 -0.1314 -0.3676
1305031453.1795 1.2723 0.8811 1.5138 0.8746 0.2864 -0.1281 -0.3696
1305031453.1895 1.2742 0.8795 1.5136 0.8752 0.2850 -0.1243 -0.3707
1305031453.1995 1.2757 0.8782 1.5134 0.8750 0.2828 -0.1217 -0.3736
1305031453.2095 1.2775 0.8767 1.5132 0.8748 0.2812 -0.1192 -0.3762
1305031453.2195 1.2794 0.8749 1.5133 0.8755 0.2798 -0.1162 -0.3765
1305031453.2295 1.2812 0.8735 1.5132 0.8757 0.2774 -0.1136 -0.3785
1305031453.2395 1.2830 0.8720 1.5133 0.8765 0.2757 -0.1113 -0.3786
1305031453.2495 1.2851 0.8702 1.5131 0.8772 0.2736 -0.1092 -0.3790
1305031453.2595 1.2871 0.8687 1.5134 0.8784 0.2712 -0.1064 -0.3789
1305031453.2695 1.2892 0.8669 1.5137 0.8791 0.2680 -0.1044 -0.3800
1305031453.2795 1.2916 0.8654 1.5140 0.8796 0.2647 -0.1026 -0.3817
1305031453.2895 1.2940 0.8637 1.5146 0.8801 0.2615 -0.1013 -0.3830
1305031453.2995 1.2964 0.8622 1.5152 0.8804 0.2576 -0.0995 -0.3857
1305031453.3095 1.2989 0.8607 1.5157 0.8802 0.2540 -0.0978 -0.3889
1305031453.3195 1.3013 0.8587 1.5166 0.8809 0.2501 -0.0959 -0.3902
1305031453.3295 1.3038 0.8567 1.5171 0.8817 0.2466 -0.0941 -0.3912
1305031453.3395 1.3063 0.8548 1.5175 0.8823 0.2431 -0.0923 -0.3924
1305031453.3495 1.3088 0.8528 1.5181 0.8837 0.2395 -0.0910 -0.3918
1305031453.3595 1.3112 0.8507 1.5186 0.8851 0.2362 -0.0898 -0.3909
1305031453.3695 1.3137 0.8486 1.5192 0.8862 0.2326 -0.0893 -0.3906
1305031453.3795 1.3161 0.8465 1.5198 0.8866 0.2293 -0.0894 -0.3917
1305031453.3894 1.3190 0.8446 1.5203 0.8871 0.2258 -0.0894 -0.3926
1305031453.3995 1.3212 0.8419 1.5212 0.8885 0.2232 -0.0896 -0.3908
1305031453.4095 1.3237 0.8399 1.5217 0.8883 0.2196 -0.0905 -0.3930
1305031453.4195 1.3263 0.8375 1.5226 0.8884 0.2171 -0.0899 -0.3943
1305031453.4295 1.3291 0.8350 1.5236 0.8889 0.2134 -0.0896 -0.3955
1305031453.4395 1.3320 0.8325 1.5244 0.8892 0.2106 -0.0890 -0.3963
1305031453.4495 1.3343 0.8301 1.5255 0.8892 0.2071 -0.0893 -0.3982
1305031453.4595 1.3370 0.8274 1.5265 0.8893 0.2037 -0.0885 -0.3998
1305031453.4695 1.3399 0.8246 1.5276 0.8899 0.2000 -0.0879 -0.4005
1305031453.4795 1.3427 0.8218 1.5285 0.8899 0.1967 -0.0880 -0.4020
1305031453.4895 1.3454 0.8190 1.5298 0.8900 0.1933 -0.0877 -0.4036
1305031453.4995 1.3480 0.8158 1.5311 0.8900 0.1906 -0.0879 -0.4048
1305031453.5095 1.3506 0.8129 1.5323 0.8890 0.1877 -0.0886 -0.4082
1305031453.5195 1.3531 0.8097 1.5335 0.8887 0.1852 -0.0888 -0.4099
1305031453.5295 1.3555 0.8063 1.5349 0.8886 0.1824 -0.0894 -0.4112
1305031453.5395 1.3579 0.8028 1.5362 0.8882 0.1804 -0.0900 -0.4129
1305031453.5494 1.3602 0.7993 1.5376 0.8875 0.1786 -0.0907 -0.4149
1305031453.5595 1.3627 0.7957 1.5391 0.8865 0.1763 -0.0915 -0.4180
1305031453.5695 1.3650 0.7919 1.5405 0.8863 0.1751 -0.0914 -0.4188
1305031453.5795 1.3671 0.7882 1.5420 0.8858 0.1733 -0.0919 -0.4205
1305031453.5899 1.3693 0.7843 1.5435 0.8853 0.1717 -0.0922 -0.4222
1305031453.5995 1.3712 0.7805 1.5448 0.8838 0.1699 -0.0932 -0.4258
1305031453.6095 1.3731 0.7760 1.5462 0.8842 0.1692 -0.0933 -0.4252
1305031453.6195 1.3745 0.7721 1.5475 0.8826 0.1686 -0.0948 -0.4285
1305031453.6295 1.3762 0.7680 1.5488 0.8813 0.1690 -0.0962 -0.4308
1305031453.6395 1.3775 0.7631 1.5502 0.8805 0.1700 -0.0973 -0.4317
1305031453.6495 1.3788 0.7586 1.5514 0.8790 0.1709 -0.0986 -0.4342
1305031453.6595 1.3800 0.7538 1.5526 0.8781 0.1722 -0.0999 -0.4352
1305031453.6695 1.3809 0.7491 1.5537 0.8761 0.1741 -0.1017 -0.4380
1305031453.6794 1.3820 0.7442 1.5551 0.8751 0.1752 -0.1031 -0.4391
1305031453.6895 1.3830 0.7390 1.5562 0.8749 0.1765 -0.1038 -0.4388
1305031453.6995 1.3837 0.7342 1.5573 0.8734 0.1781 -0.1052 -0.4408
1305031453.7095 1.3842 0.7291 1.5582 0.8725 0.1799 -0.1064 -0.4417
1305031453.7202 1.3848 0.7242 1.5592 0.8710 0.1825 -0.1076 -0.4433
1305031453.7295 1.3850 0.7191 1.5602 0.8698 0.1851 -0.1094 -0.4441
1305031453.7395 1.3856 0.7136 1.5613 0.8694 0.1886 -0.1103 -0.4432
1305031453.7495 1.3856 0.7085 1.5623 0.8677 0.1917 -0.1124 -0.4446
1305031453.7595 1.3859 0.7035 1.5632 0.8661 0.1950 -0.1146 -0.4457
1305031453.7695 1.3859 0.6985 1.5641 0.8645 0.1975 -0.1167 -0.4472
1305031453.7795 1.3858 0.6935 1.5652 0.8632 0.2007 -0.1185 -0.4479
1305031453.7895 1.3858 0.6887 1.5660 0.8618 0.2031 -0.1197 -0.4491
1305031453.7995 1.3855 0.6836 1.5670 0.8614 0.2056 -0.1209 -0.4484
1305031453.8095 1.3853 0.6786 1.5677 0.8602 0.2074 -0.1218 -0.4496
1305031453.8195 1.3846 0.6739 1.5685 0.8588 0.2106 -0.1238 -0.4503
1305031453.8295 1.3841 0.6691 1.5694 0.8574 0.2137 -0.1260 -0.4510
1305031453.8394 1.3831 0.6643 1.5701 0.8563 0.2171 -0.1284 -0.4507
1305031453.8494 1.3823 0.6595 1.5708 0.8553 0.2209 -0.1313 -0.4499
1305031453.8595 1.3814 0.6549 1.5717 0.8544 0.2245 -0.1344 -0.4490
1305031453.8694 1.3807 0.6504 1.5724 0.8536 0.2287 -0.1378 -0.4474
1305031453.8794 1.3794 0.6459 1.5731 0.8526 0.2323 -0.1410 -0.4464
1305031453.8894 1.3781 0.6416 1.5737 0.8515 0.2357 -0.1449 -0.4453
1305031453.8995 1.3769 0.6373 1.5744 0.8513 0.2391 -0.1487 -0.4428
1305031453.9095 1.3756 0.6329 1.5751 0.8509 0.2427 -0.1529 -0.4402
1305031453.9195 1.3738 0.6289 1.5755 0.8498 0.2456 -0.1576 -0.4389
1305031453.9295 1.3720 0.6246 1.5762 0.8491 0.2489 -0.1616 -0.4370
1305031453.9394 1.3703 0.6207 1.5769 0.8484 0.2532 -0.1645 -0.4349
1305031453.9495 1.3685 0.6168 1.5776 0.8474 0.2572 -0.1668 -0.4336
1305031453.9597 1.3666 0.6128 1.5783 0.8466 0.2621 -0.1685 -0.4315
1305031453.9695 1.3647 0.6089 1.5788 0.8460 0.2668 -0.1699 -0.4292
1305031453.9795 1.3620 0.6050 1.5796 0.8448 0.2709 -0.1705 -0.4288
1305031453.9895 1.3600 0.6014 1.5803 0.8434 0.2745 -0.1722 -0.4287
1305031453.9995 1.3579 0.5976 1.5809 0.8418 0.2780 -0.1745 -0.4286
1305031454.0096 1.3559 0.5939 1.5813 0.8400 0.2812 -0.1769 -0.4289
1305031454.0195 1.3536 0.5904 1.5818 0.8378 0.2846 -0.1796 -0.4300
1305031454.0295 1.3515 0.5868 1.5823 0.8369 0.2887 -0.1810 -0.4283
1305031454.0395 1.3491 0.5834 1.5826 0.8348 0.2931 -0.1832 -0.4285
1305031454.0495 1.3464 0.5802 1.5828 0.8330 0.2969 -0.1845 -0.4289
1305031454.0594 1.3436 0.5770 1.5831 0.8307 0.3023 -0.1863 -0.4288
1305031454.0695 1.3411 0.5737 1.5832 0.8287 0.3070 -0.1876 -0.4288
1305031454.0794 1.3382 0.5708 1.5833 0.8271 0.3115 -0.1885 -0.4282
1305031454.0894 1.3354 0.5676 1.5837 0.8246 0.3163 -0.1899 -0.4287
1305031454.0995 1.3326 0.5643 1.5840 0.8226 0.3211 -0.1913 -0.4286
1305031454.1095 1.3300 0.5608 1.5844 0.8207 0.3269 -0.1931 -0.4270
1305031454.1195 1.3271 0.5578 1.5847 0.8178 0.3319 -0.1958 -0.4274
1305031454.1295 1.3241 0.5547 1.5847 0.8152 0.3365 -0.1986 -0.4275
1305031454.1394 1.3211 0.5518 1.5848 0.8133 0.3414 -0.2003 -0.4264
1305031454.1495 1.3184 0.5488 1.5849 0.8119 0.3466 -0.2020 -0.4242
1305031454.1595 1.3153 0.5461 1.5848 0.8095 0.3512 -0.2051 -0.4235
1305031454.1694 1.3125 0.5429 1.5847 0.8079 0.3564 -0.2071 -0.4212
1305031454.1795 1.3097 0.5400 1.5848 0.8057 0.3622 -0.2096 -0.4192
1305031454.1895 1.3065 0.5372 1.5847 0.8029 0.3678 -0.2123 -0.4183
1305031454.1995 1.3036 0.5343 1.5847 0.7996 0.3742 -0.2152 -0.4175
1305031454.2095 1.3008 0.5314 1.5849 0.7967 0.3804 -0.2168 -0.4166
1305031454.2195 1.2981 0.5285 1.5849 0.7931 0.3864 -0.2192 -0.4166
1305031454.2295 1.2955 0.5257 1.5851 0.7890 0.3923 -0.2219 -0.4176
1305031454.2395 1.2933 0.5227 1.5850 0.7865 0.3968 -0.2227 -0.4176
1305031454.2495 1.2908 0.5201 1.5850 0.7837 0.4010 -0.2244 -0.4179
1305031454.2595 1.2885 0.5176 1.5849 0.7816 0.4047 -0.2249 -0.4179
1305031454.2695 1.2862 0.5152 1.5848 0.7802 0.4082 -0.2251 -0.4171
1305031454.2795 1.2839 0.5127 1.5843 0.7794 0.4123 -0.2245 -0.4150
1305031454.2895 1.2814 0.5103 1.5841 0.7779 0.4161 -0.2246 -0.4139
1305031454.2995 1.2790 0.5078 1.5838 0.7756 0.4206 -0.2249 -0.4134
